46,8,46,0,0
44,7,43,11,62
45,7,45,96,97
51,8,48,105,99
52,8,50,105,90
51,8,49,96,84
48,7,47,98,84
46,7,45,97,86
45,7,44,92,91
45,7,44,91,91
45,7,44,87,92
45,8,44,89,95
46,11,44,94,98
47,17,45,91,97
47,18,46,87,89
48,16,46,88,83
49,11,48,86,81
50,10,50,84,81
52,10,52,80,79
53,11,53,80,82
55,11,54,85,90
55,11,53,92,86
55,11,53,96,88
56,11,56,95,89
56,11,55,93,86
56,10,55,92,89
56,10,55,88,90
56,10,55,85,89
56,10,54,86,88
56,10,55,85,90
55,10,55,88,91
55,10,55,91,91
55,10,55,90,92
56,10,55,90,90
56,10,55,89,91
56,10,55,90,90
55,10,55,92,89
56,10,56,89,91
56,10,55,87,90
56,10,56,87,87
55,10,56,90,88
55,10,55,91,90
55,10,56,94,91
54,10,55,92,88
53,10,56,90,92
54,10,56,91,92
55,10,56,88,95
55,10,55,88,94
56,10,56,90,91
55,10,56,90,89
54,10,56,88,91
55,9,56,90,90
55,10,55,91,91
55,10,55,92,91
53,10,56,94,88
55,10,56,89,94
54,9,56,88,92
55,10,56,87,91
54,10,56,89,90
54,10,54,87,90
55,10,53,90,92
54,9,54,91,89
54,10,54,89,90
54,10,55,93,89
54,9,56,87,91
54,9,56,90,91
54,10,56,87,89
55,10,57,87,90
54,10,56,86,91
54,9,56,88,91
54,9,56,90,87
54,10,56,91,89
54,10,56,90,91
54,10,55,89,94
54,9,55,88,91
53,9,55,89,89
51,9,55,86,86
47,9,55,89,89
44,9,54,89,87
43,9,54,90,86
43,9,53,91,84
43,9,53,88,78
41,8,52,85,80
40,8,53,87,81
39,8,53,89,86
36,8,53,87,94
31,8,52,86,104
27,9,52,87,107
21,8,52,95,103
18,8,52,95,101
15,8,51,94,92
12,8,51,93,87
10,8,52,96,86
8,8,52,93,86
7,8,53,92,86
6,8,53,91,88
6,8,53,88,85
7,8,52,86,87
9,8,52,86,92
11,8,52,87,93
14,8,53,91,95
15,8,53,94,93
16,8,52,92,89
17,8,52,91,86
17,8,51,86,84
18,8,52,85,86
19,8,52,87,88
19,7,51,84,83
20,8,51,86,86
21,8,51,86,86
21,8,51,91,83
22,8,51,89,81
23,8,51,88,84
22,9,49,88,90
23,9,50,93,95
23,10,50,93,95
24,11,50,91,94
25,11,50,90,88
25,12,50,92,87
26,13,51,93,86
26,14,50,92,90
26,15,50,96,91
27,17,50,94,89
27,19,51,93,89
27,21,51,91,89
28,23,51,90,89
28,27,51,90,86
29,32,51,90,92
29,34,51,90,89
30,37,51,90,89
30,39,50,90,92
30,41,50,90,92
31,44,49,89,90
32,46,49,90,88
33,48,48,93,89
33,49,47,89,91
34,50,46,87,87
35,50,44,91,90
37,51,42,92,92
38,52,41,94,92
39,52,41,92,90
40,53,36,94,88
43,53,31,98,89
45,53,28,98,91
44,53,24,92,91
46,53,24,87,99
46,53,20,87,98
47,53,17,90,97
48,53,16,90,94
47,54,14,90,96
48,53,12,88,96
48,54,12,85,92
48,54,11,90,93
49,55,11,90,89
48,54,10,89,89
48,54,9,89,91
48,55,8,90,85
48,54,8,89,89
48,54,8,91,89
48,54,8,87,90
49,55,9,85,92
48,55,9,88,95
48,54,9,90,92
48,54,9,89,89
48,54,8,87,90
48,54,8,88,92
48,54,8,88,92
48,54,9,86,92
48,54,9,89,92
48,55,8,93,92
49,55,9,94,89
49,56,9,95,90
49,55,8,93,88
49,55,9,93,88
49,54,9,92,85
49,55,9,87,86
49,55,9,87,88
49,54,9,90,88
48,53,9,91,89
49,54,10,93,91
49,54,10,92,88
48,54,10,91,89
49,54,11,88,90
49,54,12,89,89
48,54,13,87,89
49,55,15,87,92
48,54,17,88,92
48,53,19,88,91
49,53,22,88,93
48,54,24,93,96
49,54,27,91,94
48,54,28,90,89
49,54,31,93,89
49,54,37,92,91
48,54,39,86,87
49,55,43,93,86
49,55,44,96,21
49,55,44,98,-59
48,54,43,94,-95
49,55,44,96,-94
47,54,41,97,-87
46,54,39,97,-90
46,54,34,98,-94
46,54,32,100,-99
46,54,27,101,-98
45,54,22,102,-99
45,55,18,104,-99
45,55,17,104,-95
44,55,10,102,-97
44,55,10,95,-98
44,55,10,93,-97
44,55,10,95,-96
44,55,10,98,-94
43,55,10,98,-90
42,54,9,99,-93
43,55,8,102,-99
42,54,8,101,-101
42,54,8,102,-101
43,54,8,101,-101
42,53,8,97,-104
42,53,8,96,-107
42,53,8,99,-109
42,52,8,100,-106
43,53,8,97,-103
43,53,9,99,-97
42,53,11,103,-101
43,54,16,106,-102
43,54,25,97,-101
42,54,34,100,-96
43,54,41,99,-97
43,53,46,99,-99
42,52,49,102,-100
42,51,50,104,-101
41,48,51,99,-99
42,46,52,105,-101
41,42,53,101,-100
42,38,53,97,-99
42,35,53,97,-99
42,31,53,98,-100
42,27,53,99,-101
42,23,53,100,-102
43,20,53,99,-104
42,17,53,98,-104
44,12,53,101,-103
44,10,53,103,-101
44,10,53,106,-101
44,9,53,98,-92
44,8,53,94,-28
45,8,53,94,48
45,8,54,86,88
45,9,53,87,88
46,8,54,91,78
46,9,53,90,71
47,9,54,95,70
47,9,54,94,78
47,9,54,96,84
47,9,54,95,85
48,9,54,93,86
48,9,54,91,90
49,9,54,93,91
49,9,54,93,93
48,9,54,92,90
48,9,54,88,94
48,8,55,89,92
47,9,54,91,90
47,9,54,92,92
48,8,54,90,89
48,8,54,87,92
48,9,54,88,90
48,8,54,87,92
48,9,54,90,91
48,8,54,90,88
48,8,54,89,91
49,8,54,90,92
49,8,54,88,89
49,8,55,92,91
48,9,55,90,89
49,9,55,91,90
48,8,54,90,90
47,8,54,90,89
47,9,54,92,91
47,9,54,90,88
47,9,54,89,90
47,9,54,89,89
48,8,55,89,91
47,9,55,87,93
47,10,56,92,93
48,10,55,93,91
47,10,56,89,91
47,10,56,88,91
47,11,55,87,88
48,11,55,87,93
48,11,55,88,93
48,11,55,88,91
48,12,55,92,90
48,12,55,92,88
48,12,55,93,90
48,13,55,94,92
48,13,55,93,90
48,14,54,93,92
47,14,55,90,92
47,14,55,89,88
47,15,55,90,92
47,15,56,91,93
47,16,55,92,92
47,16,56,91,88
47,16,55,88,88
47,16,55,88,89
47,17,55,91,88
47,17,55,90,89
47,18,55,92,90
47,19,55,89,91
47,19,55,88,88
47,20,55,86,87
47,21,55,87,88
47,21,54,87,89
47,22,54,89,88
47,24,55,90,90
48,25,54,94,89
47,26,54,96,89
47,28,54,96,90
47,29,54,94,92
47,30,55,89,93
47,32,54,88,92
47,33,55,90,90
47,35,55,89,91
47,36,55,92,88
47,38,55,91,90
47,39,54,90,90
47,40,54,93,89
47,42,53,89,83
47,44,54,94,-19
46,46,54,95,-94
44,46,53,99,-89
41,48,53,97,-97
39,50,53,98,-95
34,52,53,101,-98
29,53,53,103,-98
24,53,53,103,-99
20,54,53,101,-99
15,54,53,99,-95
13,54,53,96,-98
10,53,53,100,-100
8,54,53,100,-102
6,53,53,101,-97
6,53,53,101,-99
6,53,53,97,-101
6,53,53,98,-100
6,53,53,100,-102
6,53,53,102,-103
6,54,53,104,-103
6,54,53,105,-102
6,54,53,104,-100
6,54,53,99,-99
6,54,53,98,-98
6,54,53,98,-98
6,54,52,97,-97
6,53,53,98,-98
6,54,53,99,-101
7,53,53,101,-98
9,53,53,99,-101
15,53,54,100,-103
17,53,55,105,-102
18,53,55,106,-100
22,53,55,103,-99
26,54,55,98,-99
29,53,55,99,-97
31,53,55,101,-97
34,53,55,99,-97
37,53,55,96,-97
39,54,55,99,-99
42,53,53,102,-101
44,54,54,27,-21
43,54,54,-64,57
43,54,54,-94,115
43,54,54,-97,97
44,53,54,-92,81
44,54,54,-88,82
44,54,54,-91,97
45,54,56,-96,102
42,54,56,-94,97
40,54,56,-96,93
36,54,56,-97,95
31,54,56,-100,99
24,54,56,-100,99
19,54,56,-101,98
14,54,55,-99,101
10,54,55,-97,104
8,55,55,-96,105
7,55,55,-97,110
6,55,54,-99,110
5,55,55,-102,104
5,55,55,-99,98
5,55,54,-97,100
6,55,55,-98,98
6,55,55,-94,99
6,55,55,-97,99
6,54,55,-104,97
6,55,55,-106,99
6,55,55,-104,99
6,55,55,-102,100
8,55,55,-101,100
10,55,55,-100,102
14,55,55,-100,99
18,55,55,-100,99
24,55,55,-101,98
31,54,55,-101,100
38,52,55,-101,101
46,47,55,-95,101
51,37,55,-102,99
52,32,55,-102,100
54,24,55,-101,100
54,20,55,-102,98
54,16,55,-103,99
54,13,55,-104,101
54,11,55,-104,99
54,10,55,-102,99
54,9,55,-101,99
54,8,55,-102,97
55,9,56,-91,90
55,8,55,93,87
55,8,55,105,86
55,9,55,98,89
55,9,56,88,94
55,9,56,79,92
55,9,55,80,97
54,9,56,86,94
55,8,56,88,95
55,9,56,88,89
55,9,56,87,89
55,9,56,85,90
55,9,56,87,92
55,9,56,89,92
55,9,55,88,91
55,9,56,89,92
55,9,55,90,89
54,9,55,89,91
54,9,55,90,88
55,9,55,90,89
55,9,55,91,89
54,9,55,91,88
54,9,55,88,88
55,9,56,88,89
54,9,55,90,89
54,9,55,92,96
54,9,55,92,92
54,9,55,95,91
54,9,55,91,91
54,9,55,89,92
54,9,55,90,89
54,9,55,88,91
54,9,55,90,90
54,8,55,90,86
54,9,54,90,91
54,10,55,89,92
55,9,55,91,89
54,9,54,88,88
55,9,55,93,92
55,9,55,92,93
55,9,55,90,90
55,9,55,91,89
55,9,55,90,89
55,10,55,89,91
55,9,55,88,89
55,9,55,90,89
55,10,55,88,90
55,9,55,90,88
55,9,55,89,89
55,9,54,87,91
55,9,54,88,88
55,9,53,89,88
55,9,53,89,89
55,9,54,91,89
55,9,54,92,89
55,9,54,91,91
55,9,54,92,93
54,9,54,91,94
54,9,54,87,92
55,9,54,93,90
55,9,54,89,92
55,9,54,90,91
55,9,54,90,91
55,9,54,89,89
55,9,54,91,87
55,9,54,90,90
55,9,54,90,91
55,10,54,91,88
55,9,54,89,88
55,9,54,91,91
55,9,55,90,90
55,9,54,93,90
55,9,54,91,89
54,9,54,90,90
54,9,55,88,91
54,9,55,92,91
54,9,55,88,92
54,9,55,85,89
54,9,55,85,89
54,9,55,92,89
53,9,55,90,90
53,9,55,89,87
54,10,55,91,86
53,9,55,89,89
54,10,55,91,90
54,10,55,88,92
54,10,55,90,94
54,10,55,90,93
54,10,55,92,91
54,10,55,90,91
54,10,55,90,90
54,10,54,91,87
53,10,55,89,90
53,10,55,89,91
53,10,55,91,93
54,10,55,92,94
54,10,55,90,93
54,10,55,91,92
54,10,55,89,92
54,10,55,91,93
54,10,55,92,94
54,10,55,94,89
54,10,55,95,90
54,10,55,91,90
54,10,55,88,91
54,10,55,88,91
54,10,55,89,91
54,10,55,87,90
55,10,55,86,88
54,10,55,85,87
54,10,55,87,89
54,10,55,90,87
54,10,55,90,90
54,10,56,91,88
54,11,55,92,87
54,11,55,92,89
54,11,55,85,88
54,10,55,84,89
54,11,55,87,90
54,11,55,91,91
55,11,55,91,90
55,11,55,93,90
54,11,55,92,89
54,11,54,93,89
55,11,54,91,90
55,11,53,92,90
55,11,53,91,87
54,12,53,86,89
54,12,53,87,92
55,12,54,89,91
54,12,54,89,87
55,12,54,89,92
55,12,54,89,90
54,12,54,92,90
54,12,54,92,90
54,12,54,93,89
54,12,55,92,89
53,12,54,87,91
52,12,55,88,89
52,13,55,89,90
52,13,55,91,91
51,13,55,92,92
51,13,55,93,89
51,13,55,91,90
51,13,55,91,92
52,13,55,93,89
52,13,55,92,91
52,13,54,91,93
53,13,54,90,92
52,13,55,92,90
52,13,55,93,91
52,14,55,91,90
52,14,55,90,90
52,14,55,90,89
52,14,55,91,87
52,14,55,88,87
53,14,54,86,87
53,15,54,85,88
53,15,55,91,89
53,16,54,89,87
53,16,54,90,89
53,16,55,92,91
53,17,55,92,91
52,17,55,89,92
52,17,55,89,87
52,17,55,89,87
52,18,54,89,87
52,18,55,88,90
52,19,55,92,93
52,19,54,94,94
52,19,55,93,92
52,19,55,93,90
52,19,55,90,90
52,19,54,91,89
52,19,54,92,91
52,20,54,88,92
52,20,54,89,93
53,21,53,90,91
53,21,53,90,91
53,22,53,91,94
54,23,53,90,91
53,23,54,89,89
53,23,53,89,89
53,24,53,89,89
53,24,54,90,92
53,25,53,89,91
52,25,53,91,88
52,26,54,91,91
52,27,54,91,91
53,28,55,92,92
53,28,54,90,92
53,29,55,89,92
53,29,55,90,92
52,30,55,91,90
53,31,54,91,91
52,32,54,89,91
52,33,54,90,89
52,33,54,92,89
52,34,55,86,89
52,35,55,88,90
52,35,55,90,90
52,35,54,92,89
52,35,55,88,90
52,36,55,90,89
52,36,55,90,90
52,37,54,90,88
53,38,55,92,90
53,38,55,88,92
54,38,55,91,92
54,39,55,90,93
54,40,55,89,91
54,41,55,91,91
54,42,55,90,91
55,44,55,-54,94
54,49,53,-98,94
53,53,47,-97,103
53,53,29,-94,96
52,53,23,-97,98
52,53,20,-99,100
52,53,14,-96,100
52,53,14,-96,99
52,52,11,-99,101
52,52,10,-99,98
51,52,9,-98,97
51,52,8,-98,97
52,53,9,-98,95
52,53,8,-99,97
52,53,9,-99,99
52,53,9,-100,100
52,53,8,-102,99
52,53,10,-103,101
52,53,11,-104,103
52,53,9,-104,103
52,53,13,-100,102
52,53,13,-97,104
53,53,21,-99,103
53,53,26,-97,101
53,53,36,-97,100
53,53,40,-100,101
53,53,45,-101,103
53,53,48,-101,104
53,53,52,-73,82
53,53,53,19,-39
53,53,52,73,-96
53,53,52,110,-98
53,53,52,107,-92
53,53,52,92,-84
54,54,49,89,-94
54,54,44,94,-100
53,54,35,98,-103
53,54,25,99,-101
53,54,22,98,-101
53,53,17,97,-102
52,53,10,98,-97
52,53,9,95,-97
52,53,11,95,-99
52,53,9,96,-96
52,53,9,98,-99
51,53,9,101,-100
51,53,9,97,-100
51,53,8,98,-97
51,53,8,99,-99
50,53,8,99,-99
50,53,8,96,-100
49,53,9,98,-99
49,53,11,99,-99
49,53,12,101,-100
48,53,13,101,-99
49,53,13,100,-100
49,53,20,101,-102
49,54,27,98,-102
49,53,30,100,-97
49,53,39,101,-100
49,53,43,102,-99
49,52,47,101,-98
50,51,50,102,-104
50,48,53,100,-98
51,42,54,101,-98
51,33,54,103,-102
50,26,54,98,-102
50,21,54,99,-98
51,18,54,100,-100
51,13,54,102,-103
51,9,54,101,-103
51,11,54,98,-91
50,9,54,95,0
51,9,53,93,94
50,9,54,87,96
51,10,54,91,87
50,10,54,90,80
49,10,54,89,76
49,9,54,91,79
49,8,53,95,83
49,9,53,94,85
50,9,54,93,88
50,10,54,95,89
50,9,54,92,89
51,9,54,92,89
51,9,54,89,89
51,9,54,91,89
50,9,54,91,90
50,9,54,91,91
50,9,54,90,93
50,9,55,91,91
49,9,54,90,91
49,8,54,90,91
49,9,54,91,89
50,9,54,92,90
50,9,53,91,90
50,9,53,90,91
50,9,54,88,91
51,9,54,85,89
50,9,53,88,92
50,9,53,90,90
50,9,53,92,90
50,9,54,92,89
50,9,54,90,90
50,9,54,89,86
50,10,53,88,90
50,10,53,87,91
50,10,53,88,90
50,10,53,89,91
50,10,53,91,90
50,11,53,91,92
50,11,52,91,92
50,11,51,92,91
50,11,51,92,92
50,11,50,89,90
50,10,49,90,86
50,9,45,92,85
50,9,45,93,88
50,9,46,89,85
50,9,51,90,89
50,11,52,89,86
50,14,52,93,89
49,14,52,90,89
49,12,52,87,91
49,13,52,88,94
49,16,52,91,99
49,16,53,89,96
48,16,53,88,93
48,17,53,90,93
46,17,53,89,94
45,17,53,87,93
40,18,53,87,88
40,19,53,89,91
44,20,53,91,86
46,20,53,90,89
47,20,53,94,89
48,21,53,94,91
48,22,53,92,93
49,23,53,93,90
49,23,54,89,92
49,24,53,86,91
49,25,52,88,89
49,26,53,88,91
49,27,52,90,89
49,27,53,91,93
49,27,53,92,90
49,28,52,89,87
49,28,53,91,88
49,28,53,92,92
49,28,53,93,90
49,29,54,92,89
49,29,53,92,86
49,30,53,91,90
49,30,53,91,91
49,31,53,89,91
49,31,53,89,96
49,30,54,91,91
49,30,54,91,93
49,30,54,89,93
49,29,54,91,93
48,29,53,90,91
48,29,54,87,91
47,28,53,88,89
47,28,54,90,88
47,26,53,91,88
47,26,54,90,85
47,25,54,92,88
47,24,54,91,89
48,23,53,88,90
47,22,54,88,89
48,21,53,91,91
48,20,53,91,92
48,18,53,90,89
48,16,53,92,89
48,16,53,91,90
48,15,53,92,89
48,13,54,89,87
48,12,53,89,89
48,12,53,88,90
48,11,53,89,85
49,11,53,86,87
49,10,53,89,92
49,10,54,90,90
49,9,54,91,88
49,9,53,90,88
49,9,53,89,89
48,9,53,90,88
48,9,53,90,91
49,9,53,90,91
48,9,54,90,90
48,9,53,91,93
48,9,54,88,89
49,8,53,90,92
49,9,54,88,90
49,9,53,90,89
50,9,53,92,91
51,9,53,91,91
51,9,53,87,89
52,9,53,92,93
52,9,53,93,88
51,9,54,87,89
51,10,54,92,90
51,10,54,89,92
50,10,53,89,90
50,10,53,91,95
50,10,53,89,92
50,11,53,87,91
50,11,52,87,90
50,12,52,90,92
51,14,51,90,91
51,15,50,89,90
52,18,49,92,91
52,20,47,94,89
52,23,47,91,91
52,27,43,87,88
52,31,38,87,87
52,36,31,87,86
52,40,28,87,86
52,43,28,88,90
51,46,24,92,91
51,50,19,90,89
52,52,13,88,91
51,53,11,91,91
51,53,9,87,89
52,54,9,91,93
51,54,8,92,94
51,54,8,91,94
51,54,9,90,92
51,54,8,90,92
51,53,9,91,91
51,53,9,89,86
51,53,9,88,89
51,53,9,93,88
51,53,8,92,90
50,53,8,90,88
50,53,8,89,88
49,53,9,88,94
49,53,9,91,91
49,53,9,90,91
49,53,10,90,90
50,54,11,91,90
50,54,15,91,91
51,54,16,93,89
51,53,22,90,90
50,53,31,90,91
51,53,37,91,93
50,53,42,92,92
50,54,47,91,84
50,54,52,94,79
49,54,53,93,-95
49,54,53,90,-103
50,55,52,87,-95
49,53,50,88,-89
49,54,47,99,-94
49,53,42,104,-95
49,53,36,108,-98
49,53,31,107,-98
49,53,27,104,-100
49,53,23,99,-101
49,53,20,100,-99
48,53,15,103,-93
48,53,15,103,-98
47,53,11,101,-99
47,53,10,103,-98
47,53,9,105,-100
47,54,9,105,-98
47,53,9,102,-99
47,54,9,102,-101
47,53,9,101,-101
47,53,8,93,-102
47,53,8,98,-103
47,53,8,99,-103
47,53,9,99,-101
48,53,9,102,-100
49,53,12,106,-99
49,53,17,108,-99
49,53,22,105,-100
50,53,22,103,-100
49,52,27,98,-99
49,51,32,92,-98
49,48,38,93,-100
49,44,46,98,-102
48,37,50,100,-101
48,30,52,103,-102
48,25,53,102,-101
47,19,54,98,-96
47,16,55,99,-98
48,14,55,99,-97
48,12,55,98,-99
49,10,55,101,-99
49,10,54,104,-98
49,9,54,101,-92
49,9,54,98,-71
49,9,53,95,20
49,9,54,90,74
50,9,54,88,90
50,9,55,88,84
50,10,54,86,78
50,10,54,95,73
49,9,52,96,83
50,10,53,95,88
50,9,53,94,89
50,10,54,93,91
50,9,53,90,89
50,10,53,89,92
51,10,54,92,90
51,10,54,91,94
50,11,54,88,91
50,11,54,89,88
50,12,53,94,89
50,13,53,91,92
51,15,53,92,91
51,17,53,92,91
51,19,53,90,90
51,21,54,92,88
51,23,53,90,90
51,25,53,89,90
51,29,53,88,90
50,34,53,89,91
51,37,51,90,90
50,40,50,90,86
51,47,46,91,66
51,48,44,94,0
51,48,44,91,-80
50,48,44,88,-92
50,46,47,99,-84
50,40,49,99,-91
50,33,53,105,-100
50,27,53,112,-104
50,20,54,114,-97
49,16,53,106,-101
49,14,53,95,-101
49,12,53,92,-99
49,11,53,99,-98
49,10,54,99,-101
49,10,53,100,-101
49,9,53,98,-100
50,9,53,94,-28
50,9,53,93,46
50,9,53,87,82
50,10,54,89,97
50,9,53,89,87
50,10,53,90,81
50,9,53,94,78
50,9,53,96,78
50,9,53,91,82
50,9,53,91,86
50,9,53,94,86
51,9,53,92,91
51,10,53,91,89
50,9,53,91,86
50,9,53,90,88
50,9,53,90,90
50,9,53,90,90
50,9,53,91,91
50,10,53,89,93
50,9,53,88,89
49,10,53,89,94
50,10,53,90,91
49,10,54,91,90
49,10,53,89,89
50,11,53,90,89
50,11,53,89,90
50,12,53,90,90
50,12,53,91,92
50,13,53,92,91
50,14,54,88,91
50,15,54,91,93
50,16,54,92,92
50,17,53,92,92
50,19,54,91,91
50,21,53,89,89
50,23,53,89,88
50,25,53,87,90
50,26,53,89,89
50,29,53,93,89
50,32,53,91,89
50,34,52,89,90
50,37,53,89,93
50,39,52,90,91
49,44,50,89,86
49,47,49,91,-58
49,46,50,93,-99
49,43,51,96,-90
49,37,52,99,-92
49,32,53,102,-94
49,25,53,105,-98
49,21,53,105,-95
49,18,53,102,-97
49,15,54,100,-97
49,13,53,99,-98
49,11,54,102,-97
49,10,53,103,-98
49,10,53,97,-101
49,9,53,101,-97
49,9,54,102,-26
50,9,54,96,21
50,9,54,90,80
50,9,54,85,91
50,9,53,84,87
49,9,53,85,78
50,9,53,95,76
50,9,53,97,77
50,9,54,98,81
50,9,54,96,86
50,9,54,94,90
50,9,55,89,90
50,9,55,90,90
50,9,55,90,93
50,9,55,94,90
50,9,55,93,92
50,9,54,91,91
50,9,54,93,89
49,9,54,88,90
50,10,54,88,95
49,9,54,88,91
49,10,53,88,90
50,10,53,90,92
50,10,54,90,92
49,11,53,90,92
50,11,54,91,93
50,12,53,89,94
50,12,53,92,92
49,13,54,94,91
49,14,54,93,89
49,15,54,92,90
49,16,54,90,88
49,17,53,91,90
49,19,54,90,90
49,20,53,90,90
49,22,53,90,89
49,25,53,91,90
49,27,53,89,90
50,30,53,93,88
50,34,52,89,91
50,35,51,89,92
50,37,51,89,89
49,40,49,90,90
49,46,46,91,84
49,48,45,93,-94
49,45,47,93,-94
49,37,50,100,-94
49,30,52,99,-95
49,22,53,98,-98
50,18,53,98,-99
50,15,53,96,-102
50,12,53,99,-103
49,11,53,101,-101
50,10,54,101,-98
50,10,54,101,-101
49,9,54,103,-98
49,9,53,97,-95
49,9,54,93,37
49,9,54,90,100
49,9,54,88,110
50,9,54,90,93
50,9,54,90,82
50,9,54,93,80
50,9,54,97,84
50,10,55,93,88
50,9,54,92,89
50,9,54,93,89
50,9,55,89,91
50,10,55,90,91
50,9,54,91,90
50,10,54,90,90
50,9,54,91,89
51,10,54,92,88
50,10,54,92,90
50,10,55,94,88
50,10,54,89,89
51,10,54,88,88
51,11,54,89,91
50,11,55,91,89
51,11,55,90,89
50,12,55,93,89
51,12,54,91,90
51,13,54,88,88
50,14,54,89,90
50,15,55,89,90
50,16,55,90,90
50,17,55,90,92
50,18,55,90,91
50,20,55,92,88
49,21,55,92,89
49,23,54,89,90
49,25,55,91,92
48,27,54,89,89
49,29,54,88,92
49,33,53,88,92
50,35,53,89,89
50,38,53,91,89
50,40,52,91,90
50,46,50,89,89
50,48,48,96,-59
49,47,50,89,-88
49,38,52,97,-93
49,34,53,99,-97
49,27,54,101,-100
49,22,54,102,-100
49,17,53,103,-105
49,13,53,102,-98
49,11,53,101,-100
49,10,53,100,-101
49,10,53,98,-100
49,9,54,100,-87
50,9,54,94,-19
50,9,54,90,97
50,9,55,84,107
50,10,54,84,98
50,10,54,91,83
50,9,55,98,79
50,9,54,98,82
50,9,55,97,87
50,9,55,93,87
50,9,55,92,90
50,9,55,91,89
49,9,54,89,86
50,9,55,92,87
50,9,55,94,89
50,9,55,95,90
49,9,55,92,89
50,9,54,94,90
50,9,54,93,88
49,9,54,92,88
50,10,55,87,90
50,9,55,88,87
50,9,56,88,86
50,10,55,89,91
49,10,56,91,90
49,10,56,92,89
49,10,56,93,90
49,10,55,93,91
49,10,55,94,90
49,11,55,92,89
49,11,54,86,92
49,12,55,87,90
49,13,54,91,87
49,13,54,92,93
49,14,54,90,91
49,15,53,91,91
49,16,54,90,91
49,18,53,92,90
49,19,53,86,91
49,20,53,86,88
49,22,53,87,90
49,23,53,87,89
49,25,53,88,89
49,27,53,93,87
49,30,52,94,91
49,32,51,92,93
49,35,51,91,92
49,38,50,90,92
49,41,49,90,91
48,48,43,93,86
48,51,38,95,-95
48,51,38,91,-113
49,41,48,102,-92
49,34,51,105,-93
49,29,52,106,-97
49,22,52,104,-100
48,19,53,101,-101
49,15,53,99,-103
49,12,54,100,-99
49,10,53,101,-99
49,10,53,98,-99
49,10,54,101,-100
50,9,54,101,-96
49,9,54,92,-23
49,9,53,89,56
49,9,54,90,99
49,9,54,88,95
49,9,54,86,87
49,10,54,89,79
49,9,54,91,78
49,9,54,95,84
50,9,54,92,87
50,9,54,90,83
50,9,54,90,87
49,9,54,89,91
49,9,54,91,89
49,9,54,90,90
49,9,54,90,92
50,9,54,90,91
50,9,53,91,88
49,9,53,91,92
49,9,53,92,89
49,10,53,93,90
49,10,53,94,92
49,10,53,91,92
49,12,53,91,92
49,12,53,90,93
49,14,53,88,95
49,15,53,88,91
49,16,53,90,90
49,16,53,89,90
50,16,53,91,89
50,18,53,93,88
50,20,53,92,91
50,22,53,91,88
50,24,53,90,88
50,25,53,90,90
49,27,52,89,94
49,30,53,88,92
49,33,52,88,89
49,36,52,92,90
49,39,51,91,89
49,46,48,89,88
50,48,45,93,-91
49,42,49,98,-93
49,38,50,96,-94
49,34,51,96,-96
49,28,53,98,-97
49,22,53,98,-96
49,18,53,99,-99
49,14,53,102,-99
49,12,53,102,-100
49,10,53,103,-96
49,10,53,103,-97
49,9,53,101,-99
49,9,53,97,-100
50,8,53,91,-21
50,9,53,92,64
50,9,53,93,91
50,10,53,89,103
50,10,53,89,92
50,10,54,92,85
50,10,53,95,81
51,9,54,97,82
51,9,53,95,78
50,9,53,93,81
50,9,52,87,87
50,9,53,91,91
50,9,53,92,91
51,8,52,91,91
50,9,53,90,91
50,9,53,90,91
50,10,53,92,91
50,10,52,91,89
50,10,52,90,90
50,10,52,90,87
51,10,51,89,87
51,10,51,90,91
51,11,52,90,91
52,12,52,90,92
51,13,52,91,90
51,13,52,91,91
50,15,52,91,91
50,15,53,90,89
49,14,52,93,90
49,14,52,93,90
49,15,52,92,89
48,18,53,90,92
48,24,53,86,91
48,27,53,88,89
48,30,53,90,89
48,31,53,90,91
49,33,53,92,90
49,35,53,93,90
49,37,52,93,90
49,39,52,92,93
51,47,49,87,85
51,50,48,93,-95
51,44,51,99,-88
51,23,53,98,-96
51,20,53,100,-95
51,16,53,103,-96
51,14,54,103,-99
50,12,54,99,-101
49,10,55,97,-98
49,9,54,99,-100
49,9,55,103,-98
49,9,55,98,-82
48,9,55,90,67
48,9,55,91,94
48,9,55,90,97
48,9,55,92,82
48,9,55,91,77
48,9,55,94,80
48,9,55,96,86
49,9,55,94,90
49,9,55,93,88
49,9,55,93,91
49,9,55,91,88
50,9,55,89,89
50,9,55,89,89
50,9,56,93,92
50,9,55,89,91
51,9,55,90,90
50,9,55,92,91
51,8,55,91,89
51,9,55,88,89
50,9,54,90,91
50,9,53,89,88
50,9,53,91,91
50,9,52,87,91
50,10,51,89,92
49,9,46,90,93
50,9,41,91,92
50,10,32,89,91
50,10,27,90,95
50,10,23,91,88
50,12,15,89,90
50,10,13,92,92
50,6,9,89,87
49,6,9,91,91
49,10,8,90,90
47,10,8,88,89
42,7,9,92,92
34,3,8,91,89
23,3,9,88,89
15,4,9,90,88
8,6,10,90,89
6,8,14,91,90
6,8,14,89,88
5,8,15,88,84
5,8,15,89,84
5,9,16,88,86
5,8,25,88,90
5,9,35,91,92
5,10,44,93,94
5,13,49,91,92
5,17,52,91,92
6,25,54,89,91
6,34,54,90,91
6,44,55,88,88
8,51,54,87,90
11,55,54,86,90
15,55,54,87,87
22,55,54,93,90
31,56,54,91,90
37,56,54,88,89
46,56,54,88,92
50,57,54,83,95
52,56,54,-96,95
51,56,54,-109,91
51,56,54,-106,85
52,56,54,-88,94
49,56,54,-84,101
44,55,53,-90,106
38,56,55,-97,104
31,56,54,-99,102
21,56,54,-101,103
15,56,54,-105,99
11,56,54,-105,98
9,56,55,-99,97
7,56,54,-97,95
7,56,54,-97,96
6,56,54,-98,98
6,56,54,-99,101
6,55,53,-100,101
6,55,53,-100,97
6,55,52,-101,99
6,54,52,-98,100
6,53,52,-99,99
6,50,52,-101,97
6,47,52,-100,99
5,42,52,-99,94
5,38,52,-100,99
6,32,52,-99,99
7,27,53,-98,95
12,22,53,-99,97
18,18,54,-97,99
28,14,55,-99,99
38,12,55,-101,101
45,10,55,-101,101
49,9,55,-99,101
51,9,55,-99,99
52,8,55,-28,96
53,8,56,50,92
54,9,56,76,92
54,9,55,87,85
54,9,55,84,85
54,9,56,81,93
54,8,55,82,96
54,7,55,85,95
54,11,55,86,90
53,13,55,87,94
51,13,54,91,93
50,14,53,92,92
48,17,53,88,92
45,20,53,90,93
41,23,52,91,92
37,29,52,89,89
29,36,52,90,92
24,41,52,90,90
20,44,52,89,89
16,47,52,90,92
13,49,52,88,92
11,51,52,90,90
9,53,52,89,92
7,53,52,90,91
6,54,53,93,92
6,54,52,90,93
6,54,52,91,91
6,54,53,91,91
6,55,53,87,86
6,55,54,89,89
6,55,53,93,91
6,55,53,93,90
5,55,53,90,92
5,55,53,89,88
5,55,53,89,89
6,55,53,86,94
6,55,53,88,92
6,55,53,91,87
6,55,53,89,89
6,55,53,88,90
6,56,53,90,90
7,55,53,90,91
8,55,53,86,91
10,55,54,92,93
13,55,53,93,91
15,55,53,88,93
18,55,53,89,89
22,55,53,90,88
26,55,54,90,89
31,55,53,90,86
36,55,54,90,90
40,55,54,93,89
45,55,54,89,93
48,55,54,25,98
47,55,54,-82,95
47,55,54,-97,95
45,55,54,-98,91
36,54,54,-88,97
25,55,53,-91,99
17,54,53,-96,104
12,55,54,-99,107
9,55,54,-94,104
7,55,54,-95,97
6,55,54,-98,100
6,55,54,-99,103
6,55,54,-98,102
5,55,54,-98,98
5,54,54,-100,100
5,54,54,-101,102
6,54,55,-98,101
5,55,54,-101,103
6,55,55,-101,105
6,55,54,-100,102
8,55,54,-101,101
10,55,54,-103,101
16,56,53,-103,99
21,56,54,-102,99
28,56,53,-99,100
38,55,54,-101,99
45,52,54,-101,100
52,45,54,-99,99
54,36,55,-97,98
55,26,54,-99,98
55,21,55,-98,98
55,17,55,-98,95
55,14,55,-99,97
55,11,55,-100,99
56,8,55,-96,99
56,9,56,-88,96
57,9,56,16,96
57,9,56,102,88
57,9,55,126,87
57,9,56,115,83
57,9,56,91,86
57,9,55,81,93
57,9,55,81,97
57,9,56,84,96
57,9,55,84,93
57,9,56,91,93
58,9,56,92,91
58,9,55,88,89
57,9,55,88,85
57,9,56,89,90
57,9,56,88,90
57,9,56,91,93
57,9,56,91,89
57,9,56,91,89
56,9,56,90,89
56,9,56,89,89
56,9,55,87,92
56,8,55,88,90
55,9,55,90,91
55,9,55,90,92
55,9,55,91,92
54,9,55,89,89
55,9,55,86,88
54,9,55,91,87
54,9,55,91,90
55,9,56,89,89
55,9,56,91,90
55,9,56,92,90
55,9,55,91,90
55,9,55,89,91
55,9,56,88,89
55,10,55,90,91
55,10,55,91,89
55,10,55,90,89
54,11,54,87,91
55,11,55,88,90
54,12,55,91,89
54,13,54,93,91
54,14,54,90,91
54,14,55,90,89
54,15,55,89,85
54,16,56,87,85
55,17,55,91,92
55,18,55,93,94
55,19,55,92,92
55,21,55,86,93
55,22,55,88,91
55,24,55,91,89
54,26,56,92,92
55,29,55,91,91
55,31,55,90,88
55,34,55,87,89
55,37,55,85,91
55,39,54,87,92
55,42,54,90,90
55,44,53,89,87
55,47,52,21,92
55,50,49,-94,93
55,54,49,-99,97
55,55,31,-85,99
55,55,20,-95,105
56,55,15,-100,109
56,55,12,-103,105
56,55,10,-98,103
56,55,9,-95,99
56,56,8,-98,95
55,56,8,-100,96
56,55,8,-99,98
55,55,8,-100,96
55,55,8,-102,96
55,55,8,-103,98
55,55,8,-102,101
55,55,8,-97,101
55,55,8,-98,100
55,55,9,-100,97
55,55,9,-100,100
55,55,10,-100,102
55,55,15,-102,99
55,56,18,-99,100
55,55,24,-100,101
55,55,28,-100,100
55,55,33,-100,99
54,55,42,-100,99
54,55,49,-95,92
54,56,54,0,-21
53,55,54,85,-83
54,55,54,99,-93
54,56,54,92,-83
55,56,53,89,-83
54,56,53,88,-90
54,56,44,98,-98
55,55,39,95,-98
55,56,34,92,-99
55,56,23,94,-99
55,56,20,98,-99
55,56,16,100,-100
55,56,12,102,-99
55,56,10,101,-100
55,56,10,99,-101
56,55,8,98,-101
55,55,8,102,-103
55,55,8,100,-102
56,55,8,95,-99
55,56,8,96,-99
55,55,8,99,-100
55,55,8,98,-100
56,56,8,99,-103
56,56,8,101,-102
56,55,14,104,-96
56,55,23,99,-98
55,55,37,95,-105
55,52,47,99,-99
54,45,51,95,-99
54,37,54,92,-93
54,29,54,92,-99
54,25,53,90,-100
54,21,53,90,-97
53,16,54,94,-95
53,12,54,99,-99
52,10,54,105,-106
53,9,54,105,-114
53,9,53,103,-78
53,9,53,99,20
54,9,53,99,89
54,9,53,99,95
54,9,53,94,85
54,9,53,92,74
54,9,53,89,76
54,9,53,93,85
54,9,53,95,87
54,9,53,95,87
54,9,53,94,85
54,9,54,93,89
54,9,55,91,91
54,9,55,92,90
54,9,54,91,88
54,9,55,91,91
53,9,55,88,92
53,9,55,88,90
52,9,55,93,88
52,9,55,95,92
52,9,55,98,90
52,10,55,96,89
52,10,55,96,86
52,10,56,90,82
52,10,56,90,86
53,11,56,90,91
53,11,56,88,93
53,11,56,86,93
54,12,55,89,96
53,13,56,90,98
53,14,56,88,94
53,15,55,88,92
53,17,55,87,91
52,18,55,90,90
52,17,55,89,88
52,18,56,91,91
52,22,55,90,93
52,27,55,90,91
52,29,55,92,89
52,32,54,90,90
52,34,55,89,91
52,37,54,90,91
52,39,53,91,90
52,44,51,89,89
53,47,46,93,0
53,45,42,91,-88
53,43,41,89,-99
53,38,41,90,-92
53,33,42,95,-91
53,24,42,99,-92
53,20,43,110,-93
53,13,45,112,-99
53,9,46,107,-99
54,7,48,99,-94
54,7,49,95,-82
54,8,49,92,43
54,8,48,87,78
54,9,48,90,82
54,9,50,88,77
53,9,53,89,75
52,8,54,97,77
51,7,54,95,82
48,7,54,90,89
44,10,55,85,89
47,10,55,88,89
49,10,55,91,90
50,10,54,90,88
52,10,54,89,92
52,10,54,90,92
53,10,54,94,89
53,10,54,95,89
53,11,54,93,89
53,11,53,91,93
53,11,54,87,89
53,12,54,86,91
53,12,54,89,90
53,12,55,91,91
53,12,54,92,89
52,12,54,91,91
52,11,54,89,92
52,11,54,88,92
51,11,54,91,92
51,10,54,90,93
51,10,54,90,89
51,10,55,89,90
51,10,55,91,90
52,11,55,91,89
53,13,55,91,90
54,15,55,89,92
54,13,54,92,91
55,13,54,91,90
55,15,55,90,94
55,17,55,90,92
55,19,55,89,89
55,20,55,90,90
55,22,55,92,89
55,23,55,91,87
55,25,55,88,82
55,26,55,91,84
55,27,55,93,85
55,29,55,92,86
55,31,55,92,87
55,33,54,88,92
55,36,55,87,92
55,39,54,85,90
54,44,53,86,87
54,47,53,94,0
53,46,52,93,-103
53,41,53,91,-97
52,30,54,98,-93
52,24,54,101,-98
53,21,54,107,-100
53,17,54,110,-101
53,14,54,107,-97
53,12,54,99,-96
53,11,54,99,-97
53,10,54,95,-99
53,9,54,97,-94
52,9,53,92,0
52,9,53,92,88
52,9,53,93,98
51,9,53,94,84
51,8,53,92,79
51,9,53,94,80
50,9,53,97,85
50,9,53,90,87
50,9,53,90,88
50,9,53,89,87
50,9,53,89,85
51,9,53,92,87
51,9,53,91,88
51,9,53,91,90
51,10,53,92,92
50,10,53,92,93
50,10,53,88,93
50,10,54,87,92
50,11,54,86,92
50,12,54,88,91
50,13,54,87,92
50,14,54,91,94
50,14,54,93,91
50,14,54,93,90
50,15,55,95,88
51,16,55,91,88
51,18,54,90,89
51,21,54,88,89
50,23,54,89,92
50,25,54,91,90
50,28,53,90,92
50,32,52,89,93
50,36,51,90,89
50,39,49,90,90
50,47,46,92,79
50,49,41,96,-39
51,42,48,99,-92
51,28,52,102,-98
51,20,54,98,-101
51,15,55,99,-99
51,12,55,98,-99
52,10,55,100,-99
51,9,55,99,-100
52,9,55,97,-23
51,9,55,93,92
51,8,54,87,96
51,9,54,89,85
52,9,55,91,80
52,9,55,95,81
52,9,55,93,84
52,9,55,88,87
52,9,55,90,90
52,9,55,91,88
52,9,55,91,90
52,9,55,89,90
52,10,55,90,89
51,10,54,88,89
52,10,55,91,87
52,11,54,92,90
51,11,53,89,90
52,12,54,91,89
52,13,53,92,89
52,13,54,92,88
52,15,54,91,91
52,16,54,91,87
52,18,54,92,90
52,19,53,89,93
52,21,54,90,91
52,24,54,91,91
52,28,53,89,93
52,31,52,91,91
52,33,52,92,92
52,37,52,90,91
52,39,51,92,91
52,45,48,91,86
52,49,43,96,-69
52,46,46,97,-98
51,33,52,99,-97
52,26,53,100,-99
52,20,53,102,-97
52,17,54,97,-98
52,14,54,99,-99
52,12,55,101,-100
52,11,55,101,-101
53,10,55,101,-98
53,10,56,99,-101
53,9,56,99,-99
52,9,56,94,-19
53,9,56,88,54
53,9,56,86,106
53,9,56,88,99
53,9,55,87,85
53,9,55,93,80
53,10,55,96,84
53,10,55,96,83
53,10,54,93,86
53,10,54,92,89
53,9,54,94,89
53,9,53,93,88
52,9,54,89,87
52,10,54,92,90
52,10,54,92,90
52,10,54,90,91
52,10,54,91,89
52,10,54,89,88
52,10,54,87,90
52,10,54,87,91
52,10,53,88,88
52,11,54,88,89
53,11,54,90,88
53,11,54,89,89
53,12,55,91,90
53,12,55,92,86
53,13,55,92,86
53,14,55,94,91
53,15,55,89,87
53,16,55,83,87
52,17,54,74,86
52,19,54,71,85
52,20,54,79,90
52,23,55,88,92
52,25,55,93,95
52,28,54,99,96
52,32,54,105,96
52,34,53,106,95
52,36,53,99,90
53,39,51,95,93
52,48,46,90,84
53,51,43,96,-79
52,46,49,98,-85
52,33,54,98,-97
52,25,55,99,-99
51,19,55,100,-99
52,16,55,102,-102
52,14,55,104,-99
53,11,55,103,-101
53,10,55,101,-102
53,9,55,98,-101
53,9,55,98,-97
52,9,55,95,-28
52,10,55,93,18
52,11,55,90,84
52,11,56,88,97
52,10,56,91,98
52,10,56,87,90
52,10,56,86,81
52,10,56,90,75
52,10,55,94,76
52,10,55,95,80
52,10,55,96,83
51,10,55,97,84
51,10,55,95,88
51,10,55,95,90
50,10,54,94,91
50,10,55,95,88
50,10,55,93,94
50,10,55,92,93
51,10,55,93,91
51,10,55,91,91
51,9,54,90,90
51,10,54,90,88
52,11,54,90,87
52,11,54,90,88
52,11,55,90,92
52,12,54,90,89
52,12,54,91,88
52,13,54,91,92
52,15,54,92,89
52,16,53,90,86
52,18,53,89,90
52,20,53,91,91
52,23,54,92,87
52,25,53,88,90
52,30,53,88,91
52,32,53,88,91
52,34,53,90,90
52,37,52,89,91
52,39,52,89,92
52,41,52,91,88
52,47,49,90,86
52,50,43,93,-82
53,43,48,98,-83
52,38,50,100,-90
52,28,51,99,-96
52,23,51,102,-97
54,20,52,103,-98
54,15,52,101,-98
54,13,52,98,-99
54,11,52,99,-99
54,9,52,100,-100
54,9,52,96,-23
54,9,52,91,41
55,9,53,91,90
55,9,53,90,94
55,9,53,88,87
55,9,53,89,78
55,8,54,95,75
55,8,54,93,82
54,11,54,93,88
53,8,54,91,91
53,10,54,89,91
52,10,53,89,89
52,10,54,92,91
52,10,53,93,89
52,10,54,94,88
51,10,53,92,89
48,10,53,90,92
46,10,54,88,90
49,10,53,87,91
50,10,53,88,91
51,10,53,92,91
52,11,54,93,92
52,11,54,94,90
52,11,54,92,91
52,11,53,91,90
52,12,54,92,89
52,12,54,86,92
52,13,54,86,92
52,14,53,86,90
52,14,54,90,92
53,15,55,90,93
53,16,55,92,91
53,17,54,91,90
53,18,55,90,90
53,20,55,89,91
53,21,55,89,90
53,24,55,92,90
53,26,54,90,93
54,29,54,90,91
54,31,53,89,89
53,34,53,89,90
54,36,53,90,89
54,38,53,91,87
54,41,52,89,87
54,49,49,90,71
54,50,49,95,-103
54,37,55,99,-97
54,29,56,101,-99
54,23,57,104,-99
54,19,57,97,-99
54,16,57,97,-99
54,13,57,97,-95
54,11,57,98,-96
54,11,57,101,-98
54,10,56,101,-97
54,10,55,99,-99
54,10,55,100,-100
54,9,55,102,-96
54,8,53,99,-88
54,8,54,93,36
54,8,54,89,101
54,8,54,90,103
54,8,55,92,83
54,8,55,92,76
54,9,55,93,77
54,9,55,96,81
53,9,56,92,85
53,9,56,89,87
53,9,56,92,88
54,9,56,89,92
54,10,56,94,89
54,10,56,92,89
54,10,56,94,89
54,9,56,91,91
54,10,56,92,91
54,9,56,89,92
54,8,56,88,90
54,10,57,91,89
54,10,57,91,94
54,10,57,92,90
54,10,58,91,91
54,11,57,89,92
53,11,57,91,93
53,11,57,87,91
53,11,57,87,91
53,12,57,86,96
53,13,57,86,97
53,15,56,89,93
53,16,57,94,94
54,19,56,97,91
54,21,55,94,86
54,23,54,91,87
54,25,54,91,88
54,30,53,92,91
55,34,52,91,90
55,37,51,92,90
55,39,51,88,91
55,49,46,86,89
55,51,43,97,-90
55,42,51,97,-88
55,39,53,101,-95
55,34,53,103,-99
55,29,55,102,-100
55,25,55,100,-100
54,20,55,97,-99
54,16,55,99,-101
54,12,55,100,-104
54,11,55,102,-103
53,11,55,98,-99
53,11,55,98,-98
53,10,55,100,-96
53,9,56,100,-99
53,9,55,98,-99
54,9,56,94,-85
54,10,55,90,68
55,9,55,89,93
55,9,55,87,87
55,9,55,89,80
55,9,56,93,79
54,10,56,94,83
54,10,55,91,88
54,10,56,92,89
54,9,55,92,85
55,9,55,91,87
55,9,55,90,90
55,9,55,90,91
56,10,55,93,92
56,9,56,94,95
56,9,56,90,88
56,9,56,89,87
55,9,56,93,91
55,9,56,90,91
55,9,57,89,92
55,9,56,89,93
55,9,57,92,89
55,9,58,87,89
55,9,58,90,89
55,10,58,90,90
55,10,58,89,90
55,10,57,92,90
55,10,57,95,90
55,11,57,94,87
55,11,57,94,88
55,12,57,92,89
54,13,57,90,90
54,13,57,88,88
54,14,57,88,92
54,15,57,89,92
54,16,57,90,90
54,17,56,88,89
54,18,57,89,88
54,19,56,89,89
53,21,56,90,88
53,21,55,88,89
53,23,55,90,91
53,24,55,90,90
53,26,55,88,91
53,28,55,91,91
54,30,55,93,93
53,32,55,91,89
54,35,55,87,89
54,37,55,90,91
54,39,54,89,91
55,47,54,88,88
55,46,53,89,-92
54,17,54,102,-101
54,11,55,99,-99
54,10,55,102,-102
54,8,54,98,-72
53,9,55,86,79
53,10,55,89,88
53,9,55,89,84
54,10,55,97,79
54,10,55,98,80
54,10,55,96,85
54,10,55,93,86
54,10,55,93,85
54,9,55,91,85
53,9,55,91,88
53,9,55,90,88
54,9,55,94,92
54,9,55,95,89
54,9,55,94,89
54,9,56,90,90
54,9,55,90,87
53,9,55,89,89
54,8,55,92,87
53,9,55,88,85
54,9,55,91,91
53,9,55,92,92
53,9,55,90,88
52,9,55,88,93
53,8,55,90,90
52,9,55,91,90
52,9,54,92,89
52,9,54,89,88
52,9,53,90,94
53,9,53,93,91
53,9,53,88,91
53,9,54,91,91
53,9,53,89,91
54,9,54,90,92
54,8,54,92,91
53,9,54,90,91
53,9,54,90,87
53,9,55,93,89
53,9,55,89,90
52,9,54,89,90
52,9,55,91,88
52,9,54,89,90
52,9,54,91,89
52,8,54,92,92
52,8,54,92,91
52,9,54,92,91
53,9,54,90,90
53,9,53,89,92
52,9,54,88,93
52,9,54,88,94
52,8,53,90,91
52,9,54,90,90
52,9,54,89,90
52,9,55,87,89
52,9,55,90,91
52,9,55,90,90
53,9,55,94,89
53,10,54,92,91
54,9,54,88,90
54,9,54,91,90
54,9,54,90,90
54,9,54,89,90
54,9,54,89,87
54,9,54,89,90
54,9,54,89,91
54,7,54,91,92
54,10,54,88,90
54,9,54,88,91
53,8,54,88,91
53,9,54,90,89
52,10,54,91,89
52,9,54,91,89
52,9,54,91,90
53,10,53,90,90
53,9,53,90,93
54,10,54,92,90
54,10,54,91,89
54,10,54,89,92
54,10,54,89,91
53,11,54,90,89
53,11,54,92,91
52,11,54,90,91
53,11,54,91,90
53,11,55,92,89
53,12,54,90,89
54,13,54,90,92
54,13,54,92,89
55,14,55,90,90
54,14,54,89,90
55,15,55,88,86
55,15,54,89,86
55,16,55,91,87
55,16,54,90,90
55,17,55,93,89
55,18,55,90,88
55,19,54,87,92
55,19,54,90,93
55,20,53,91,91
55,21,53,89,89
55,22,54,88,90
55,23,54,91,86
54,24,54,93,90
55,26,54,91,90
55,28,55,90,91
55,30,54,92,91
55,31,54,88,91
54,33,54,86,90
54,34,54,87,89
53,35,54,87,91
52,36,54,88,91
52,37,54,91,91
52,39,54,90,92
52,41,54,92,95
53,46,54,89,82
53,43,54,94,-110
52,14,54,106,-101
52,12,54,99,-101
52,11,54,95,-97
53,10,54,97,-99
53,10,54,99,-98
53,9,53,103,-99
53,9,54,102,-99
53,9,54,101,-84
53,9,53,88,17
53,9,53,86,97
52,9,53,88,111
53,9,52,89,89
54,10,51,92,81
54,10,49,96,80
54,9,46,96,83
54,9,44,95,85
55,9,46,91,89
55,9,50,92,92
53,10,51,93,89
53,10,51,92,85
53,9,52,91,89
52,9,52,92,89
52,9,53,91,88
52,9,54,93,93
52,9,54,90,91
52,9,53,90,86
52,9,53,89,87
52,9,53,89,90
51,9,53,92,96
52,9,53,91,95
52,9,53,90,92
52,9,53,90,89
52,10,52,90,90
52,9,52,86,88
53,9,54,92,89
53,9,55,94,88
53,7,55,90,90
52,11,56,88,90
52,13,56,88,90
52,13,55,89,89
52,11,55,89,88
52,10,55,88,90
52,10,56,91,91
52,9,57,89,89
52,9,56,91,89
52,9,55,92,85
52,9,55,92,86
52,10,55,89,86
52,10,56,90,85
52,10,55,91,89
52,10,54,91,89
52,10,54,92,89
51,10,55,94,92
51,10,55,92,91
50,10,56,90,91
50,10,56,89,89
50,10,56,90,89
49,10,55,91,91
47,11,55,88,90
44,10,56,88,91
41,10,56,88,92
41,10,56,89,94
44,10,55,89,93
47,11,54,91,90
49,10,55,87,88
49,10,56,89,89
49,10,56,90,90
48,11,56,88,92
50,11,55,92,89
53,11,56,90,88
53,11,56,91,90
53,11,56,88,89
52,11,54,88,89
53,11,54,91,90
53,11,53,90,90
52,11,54,90,92
52,11,54,88,92
52,11,53,87,91
52,11,54,88,89
52,11,55,88,88
52,11,55,89,89
52,11,54,93,91
52,11,55,90,90
52,11,55,89,91
52,11,55,90,93
52,11,55,92,90
52,11,55,89,90
52,11,55,89,91
52,11,55,90,89
52,11,55,91,92
53,11,55,90,90
54,11,55,93,90
54,11,55,93,90
54,11,55,92,90
54,11,56,92,91
53,11,56,91,89
54,11,56,91,89
54,11,55,90,90
54,11,56,91,90
54,11,55,91,88
53,11,55,87,88
54,11,55,91,90
54,11,56,92,91
54,11,56,92,90
54,11,55,88,90
54,11,55,90,89
54,11,55,88,91
54,11,55,87,90
53,11,55,90,89
53,11,55,89,91
52,11,55,92,91
52,11,55,92,89
53,10,56,92,92
52,11,54,90,92
53,11,54,88,91
53,11,55,90,91
53,11,55,92,91
54,11,55,90,93
53,11,54,92,94
52,11,55,91,90
52,11,55,89,92
53,11,55,89,90
52,11,55,89,89
52,11,54,87,90
52,11,54,87,94
52,11,55,88,92
52,11,54,88,87
53,11,54,87,90
53,10,54,91,90
52,11,53,89,88
52,11,54,90,88
52,11,55,92,93
53,11,55,91,91
53,10,55,90,89
53,10,55,91,93
53,10,55,90,90
53,10,55,91,90
54,11,56,88,90
54,11,55,89,90
53,10,55,92,91
54,10,56,90,87
54,10,56,89,88
54,10,57,90,90
54,10,56,89,90
54,10,57,87,90
54,10,57,89,91
54,10,57,91,90
54,11,57,91,89
54,10,57,93,90
55,10,56,90,90
55,10,56,89,87
54,10,56,89,87
54,10,56,88,89
55,10,56,87,90
54,10,55,86,90
54,10,55,88,90
54,10,55,92,91
54,10,55,90,90
54,10,55,92,92
54,11,55,92,93
54,10,56,94,91
54,10,55,92,91
54,10,56,91,93
54,10,56,90,91
54,10,56,89,88
54,10,55,92,88
54,10,56,92,90
54,10,55,92,87
54,10,56,87,88
54,11,56,91,91
54,11,56,91,91
54,11,56,90,90
54,11,56,88,89
54,11,56,89,90
54,11,55,88,86
54,11,56,90,87
54,11,56,92,86
54,11,56,91,90
54,11,56,90,90
54,11,56,92,90
54,11,56,91,89
54,11,56,91,87
54,11,56,91,89
54,11,56,90,90
53,11,56,90,91
53,11,56,88,90
53,11,56,88,89
53,11,56,89,91
52,11,56,90,89
52,11,56,88,92
52,11,57,91,89
52,12,56,87,87
52,12,56,87,89
52,12,56,89,89
52,12,56,89,92
52,12,56,90,89
52,12,56,90,89
53,12,57,91,92
53,13,56,92,92
53,12,56,88,89
54,12,56,90,91
54,12,56,92,90
54,13,56,87,90
54,13,56,91,93
54,12,56,94,97
54,13,56,91,95
53,13,56,89,90
53,13,56,86,87
53,13,56,89,87
53,14,56,92,88
53,14,55,92,86
53,14,55,89,87
53,14,55,89,85
53,13,56,90,88
53,13,56,90,86
53,14,55,88,86
54,14,55,90,89
54,13,56,93,93
54,13,55,90,91
54,13,56,91,91
53,14,55,92,96
53,14,55,89,89
53,14,55,85,87
53,14,55,87,90
53,14,55,91,92
53,14,55,92,89
53,14,55,90,88
54,14,55,90,90
54,14,55,91,92
54,14,55,90,90
54,14,55,92,91
54,14,55,89,90
54,14,55,86,91
54,14,54,88,93
54,13,54,88,96
54,13,55,89,93
54,13,54,87,93
53,13,54,87,95
53,13,55,92,89
53,13,55,93,87
53,13,55,93,88
53,13,55,92,88
52,13,55,93,89
52,13,55,92,89
53,13,55,93,90
53,13,55,93,92
53,13,54,90,89
54,13,54,91,90
54,14,55,92,89
54,14,55,90,89
55,13,55,91,90
54,14,55,92,90
54,14,54,89,90
55,13,54,90,91
54,13,54,91,92
54,13,55,89,89
55,13,55,89,89
55,13,55,91,92
55,13,54,89,88
55,14,54,90,90
55,14,54,94,90
54,14,54,92,89
54,14,53,91,89
54,14,53,91,92
54,14,54,90,94
54,14,54,89,92
54,14,54,88,92
54,14,54,88,91
54,14,53,90,91
54,14,54,90,91
53,14,54,92,90
53,14,53,89,87
53,14,53,89,87
53,14,53,89,85
53,14,53,91,89
53,14,53,89,93
53,14,53,90,90
53,14,53,90,89
53,14,53,90,93
53,14,54,90,91
53,14,55,91,89
52,14,55,91,90
53,14,54,89,91
52,14,55,88,90
52,14,55,90,91
52,14,55,91,93
52,14,55,90,91
53,14,55,90,90
53,14,54,89,90
53,14,55,89,89
53,15,55,89,89
52,14,55,91,89
52,15,56,94,88
52,15,56,92,87
51,15,55,87,87
51,15,55,89,89
51,15,56,90,90
51,15,56,91,91
51,15,56,90,89
52,15,56,90,93
52,15,56,94,92
52,15,55,91,91
53,15,55,86,89
53,15,54,90,87
53,15,55,88,87
53,15,55,86,87
53,15,55,85,90
52,14,55,90,90
52,14,54,92,91
52,14,53,92,91
53,15,54,94,92
53,15,55,92,91
53,15,55,91,92
53,15,55,90,92
52,15,55,91,91
52,15,54,88,94
52,15,55,90,90
52,15,55,90,91
52,15,55,90,92
52,15,55,90,91
52,15,55,90,90
52,15,55,87,88
52,15,54,91,87
52,15,54,90,88
52,15,54,91,91
52,15,54,92,91
53,15,55,90,89
53,15,55,87,88
53,15,55,90,89
53,15,55,87,86
54,15,55,87,89
53,15,55,91,94
53,15,55,91,95
53,15,55,92,90
53,16,55,91,89
53,15,55,92,91
52,15,56,86,89
52,15,56,85,89
52,15,56,88,90
52,15,56,91,91
52,15,56,91,92
52,16,56,90,88
52,15,55,89,92
52,15,56,91,90
52,15,55,90,88
52,15,55,89,89
52,15,56,91,88
52,15,56,89,90
52,15,56,91,91
52,15,55,92,88
52,16,55,93,90
52,15,55,92,92
52,15,56,91,92
53,15,55,93,91
53,15,56,90,88
53,15,55,90,90
54,15,54,90,93
54,15,54,91,88
54,15,55,85,88
54,15,55,88,90
54,14,55,91,92
55,15,55,90,92
55,15,55,91,89
55,15,55,93,90
55,15,54,93,89
55,15,52,90,89
55,14,53,89,90
55,14,53,92,91
55,14,54,91,88
56,14,54,87,87
55,13,53,92,88
55,13,50,91,89
55,13,46,89,90
55,13,44,89,91
55,13,41,93,92
55,13,35,90,91
54,13,30,89,88
55,13,25,88,85
55,13,20,89,83
56,13,17,92,84
56,12,13,87,82
56,12,10,89,82
56,12,10,89,83
56,11,9,92,79
55,10,8,89,77
55,10,8,93,82
55,10,8,91,88
55,9,9,90,90
54,7,6,92,96
55,1,5,96,107
54,1,10,97,106
54,2,9,89,94
54,5,6,83,90
55,8,7,85,89
55,13,9,89,90
55,19,12,88,91
54,30,15,90,89
55,43,20,90,87
55,49,31,92,87
55,54,36,92,87
55,54,50,92,88
56,55,53,95,20
54,56,55,95,-88
53,55,54,92,-95
54,56,55,90,-85
54,56,55,91,-84
52,56,55,95,-88
52,56,55,98,-92
52,55,54,107,-101
52,54,53,104,-104
53,56,52,99,-100
53,56,50,99,-103
54,53,48,102,-101
53,55,46,99,-100
52,54,36,96,-103
52,54,33,98,-101
52,54,26,100,-100
50,53,20,99,-100
51,51,17,98,-101
51,48,13,101,-100
51,46,12,99,-101
51,44,11,101,-102
52,42,10,102,-99
53,38,9,98,-99
52,30,8,97,-99
51,24,8,97,-99
52,20,9,99,-102
52,19,9,102,-99
52,18,10,104,-101
52,18,10,104,-102
51,18,12,103,-101
50,17,12,99,-100
50,15,10,96,-100
51,14,8,99,-99
52,14,7,104,-100
51,13,8,107,-102
50,12,9,103,-101
49,11,9,97,-98
51,10,9,93,-98
52,10,9,93,-96
52,10,9,97,-97
52,10,10,98,-98
51,10,10,97,-99
50,9,13,97,-98
49,9,16,95,-92
47,9,22,90,-79
48,9,24,88,40
48,9,24,83,93
48,9,23,81,95
48,9,21,86,89
48,10,18,91,80
48,11,18,95,75
48,12,14,99,77
48,16,10,108,84
48,22,9,107,89
48,28,9,97,90
48,36,9,94,89
47,43,9,91,87
46,49,9,91,86
47,53,8,92,86
47,55,9,92,86
47,56,8,88,86
48,56,9,91,88
49,55,9,94,88
49,55,9,94,92
49,55,9,91,91
49,55,9,89,90
49,56,9,89,87
49,56,10,92,89
49,56,10,92,91
49,56,11,92,92
49,56,12,92,89
49,56,16,91,91
49,56,19,93,90
49,55,23,92,90
49,55,33,87,90
49,55,38,87,89
49,55,38,87,89
49,55,44,88,85
49,54,50,94,28
48,54,52,97,-66
48,55,53,96,-98
47,55,53,98,-93
48,55,51,95,-91
48,54,41,100,-95
48,54,36,102,-98
48,53,28,99,-96
48,52,21,98,-98
48,52,17,98,-99
49,54,17,97,-101
49,54,11,102,-103
48,55,10,110,-106
47,54,9,109,-106
47,55,8,103,-103
47,55,9,100,-99
47,55,9,98,-99
47,55,8,95,-98
47,55,8,95,-99
47,54,8,99,-95
48,54,9,99,-95
48,53,9,100,-99
48,53,9,100,-98
48,53,8,99,-99
48,54,9,99,-99
48,54,11,98,-99
48,54,13,98,-98
48,53,22,99,-100
48,52,25,100,-101
49,51,31,99,-102
49,49,38,98,-101
49,41,44,100,-101
49,35,49,101,-98
49,31,53,102,-99
49,26,54,104,-98
49,21,54,100,-97
49,16,53,100,-99
49,13,53,101,-99
49,12,53,99,-102
49,11,53,100,-99
49,10,53,100,-102
49,10,54,98,-102
49,9,55,100,-94
49,9,55,100,-63
49,9,55,94,20
49,9,54,92,76
49,9,54,89,94
49,9,55,88,91
49,9,56,88,82
49,9,56,93,80
50,9,56,94,83
49,9,55,96,84
49,9,54,91,85
49,9,56,90,89
50,9,56,92,89
50,9,56,95,91
50,9,56,91,91
50,9,56,92,90
49,9,56,92,87
50,9,55,92,92
50,9,55,92,89
50,9,56,92,91
50,9,56,92,86
50,10,55,90,89
50,10,56,90,91
50,10,55,92,92
50,10,55,88,89
50,11,55,89,90
50,11,55,91,91
50,11,55,91,89
49,12,56,88,89
49,12,56,90,88
49,13,55,91,88
49,14,56,89,88
49,15,56,91,89
49,16,56,90,92
49,17,55,90,90
49,18,55,91,91
50,19,56,90,91
50,20,56,91,94
50,21,56,91,91
49,24,56,87,87
49,28,56,86,89
49,29,56,88,91
49,29,56,89,93
49,29,55,90,92
50,33,55,89,90
50,37,55,89,90
49,38,55,87,90
49,40,54,88,90
49,44,54,94,89
49,44,54,93,23
49,44,53,95,-99
49,41,54,94,-103
49,36,54,97,-93
49,29,54,100,-95
49,24,54,101,-97
49,18,55,104,-97
49,15,54,106,-98
49,12,54,102,-99
49,11,55,98,-99
49,10,55,98,-99
48,10,55,97,-99
49,9,55,98,-96
49,9,55,96,-83
49,9,55,91,0
49,9,55,89,83
49,9,55,84,108
49,9,55,78,97
49,9,55,84,84
49,9,55,98,78
49,10,55,99,76
49,9,55,97,81
49,8,56,98,86
49,10,56,93,87
49,10,56,93,85
49,9,56,94,86
49,9,55,90,90
49,9,55,92,89
49,9,56,91,95
49,9,55,90,92
